drone_14_AWStream 2869 0.629 4360 69 5072 4365
drone_14_dds_0.8_0.8_36_26_0.0_twosides_no_filter_combined_bboxes_batch_15_0.5_0.0_0.01 1018 0.657 4889 627 4467 4970
drone_14_glimpse 423 0.129 654 122 8717 720
drone_14_gt 4475 0.641 4447 0 4990 4447
drone_14_mpeg_0.5_26 1632 0.603 4165 238 5235 4202
drone_14_mpeg_0.5_28 1200 0.607 4189 234 5200 4237
drone_14_mpeg_0.5_30 880 0.606 4200 277 5184 4253
drone_14_mpeg_0.5_36 364 0.602 4234 458 5130 4307
drone_14_mpeg_0.5_38 273 0.594 4170 534 5175 4262
drone_14_mpeg_0.5_40 210 0.581 4112 686 5236 4201
drone_14_mpeg_0.7_26 1840 0.614 4235 123 5202 4235
drone_14_mpeg_0.7_28 1366 0.612 4222 152 5209 4228
drone_14_mpeg_0.7_30 1029 0.614 4242 152 5177 4260
drone_14_mpeg_0.7_36 492 0.616 4334 316 5090 4347
drone_14_mpeg_0.7_38 385 0.605 4240 387 5153 4284
drone_14_mpeg_0.7_40 310 0.6 4221 458 5169 4268
drone_14_mpeg_0.8_26 2124 0.619 4333 276 5057 4380
drone_14_mpeg_0.8_28 1582 0.611 4276 323 5126 4311
drone_14_mpeg_0.8_30 1196 0.617 4334 335 5057 4380
drone_14_mpeg_0.8_36 585 0.611 4326 441 5056 4381
drone_14_mpeg_0.8_38 462 0.624 4468 495 4884 4553
drone_14_mpeg_0.8_40 374 0.621 4487 614 4866 4571
drone_14_vigil 2731 0.566 3949 616 5445 3992
drone_15_AWStream 1618 0.78 3194 47 1751 3194
drone_15_dds_0.8_0.8_36_26_0.0_twosides_no_filter_combined_bboxes_batch_15_0.5_0.0_0.01 768 0.806 3569 354 1367 3578
drone_15_glimpse 237 0.448 1555 457 3376 1569
drone_15_gt 2606 0.791 3235 0 1710 3235
drone_15_mpeg_0.5_26 1089 0.756 3091 143 1849 3096
drone_15_mpeg_0.5_28 830 0.748 3040 157 1896 3049
drone_15_mpeg_0.5_30 629 0.742 3012 167 1928 3017
drone_15_mpeg_0.5_36 274 0.725 2933 222 2003 2942
drone_15_mpeg_0.5_38 207 0.7 2781 237 2152 2793
drone_15_mpeg_0.5_40 160 0.689 2724 246 2213 2732
drone_15_mpeg_0.7_26 1272 0.777 3197 95 1737 3208
drone_15_mpeg_0.7_28 971 0.769 3138 86 1800 3145
drone_15_mpeg_0.7_30 747 0.768 3136 95 1800 3145
drone_15_mpeg_0.7_36 364 0.751 3061 159 1872 3073
drone_15_mpeg_0.7_38 288 0.735 2964 163 1976 2969
drone_15_mpeg_0.7_40 232 0.728 2928 189 2003 2942
drone_15_mpeg_0.8_26 1441 0.779 3284 214 1645 3300
drone_15_mpeg_0.8_28 1106 0.779 3287 216 1646 3299
drone_15_mpeg_0.8_30 856 0.778 3288 236 1638 3307
drone_15_mpeg_0.8_36 428 0.77 3252 261 1683 3262
drone_15_mpeg_0.8_38 341 0.757 3170 278 1756 3189
drone_15_mpeg_0.8_40 277 0.758 3207 318 1731 3214
drone_15_vigil 1448 0.7 2881 421 2052 2893
drone_16_AWStream 2566 0.77 4019 42 2362 4021
drone_16_dds_0.8_0.8_36_26_0.0_twosides_no_filter_combined_bboxes_batch_15_0.5_0.0_0.01 1095 0.795 4425 326 1951 4432
drone_16_glimpse 294 0.228 878 456 5501 882
drone_16_gt 3963 0.781 4089 0 2294 4089
drone_16_mpeg_0.5_26 1511 0.754 3950 145 2432 3951
drone_16_mpeg_0.5_28 1161 0.748 3904 154 2479 3904
drone_16_mpeg_0.5_30 885 0.745 3885 165 2498 3885
drone_16_mpeg_0.5_36 385 0.723 3759 250 2624 3759
drone_16_mpeg_0.5_38 291 0.714 3706 290 2672 3711
drone_16_mpeg_0.5_40 225 0.699 3601 319 2778 3605
drone_16_mpeg_0.7_26 1898 0.759 3959 90 2423 3960
drone_16_mpeg_0.7_28 1453 0.754 3921 99 2459 3924
drone_16_mpeg_0.7_30 1118 0.757 3951 104 2430 3953
drone_16_mpeg_0.7_36 533 0.745 3890 172 2491 3892
drone_16_mpeg_0.7_38 419 0.733 3809 195 2577 3806
drone_16_mpeg_0.7_40 336 0.721 3722 220 2657 3726
drone_16_mpeg_0.8_26 2214 0.765 4044 148 2337 4046
drone_16_mpeg_0.8_28 1699 0.765 4051 162 2327 4056
drone_16_mpeg_0.8_30 1312 0.761 4029 184 2351 4032
drone_16_mpeg_0.8_36 637 0.755 4007 223 2372 4011
drone_16_mpeg_0.8_38 504 0.745 3935 249 2443 3940
drone_16_mpeg_0.8_40 407 0.735 3859 263 2518 3865
drone_16_vigil 1747 0.672 3471 477 2908 3475
drone_17_AWStream 2575 0.806 3547 61 1650 3548
drone_17_dds_0.8_0.8_36_26_0.0_twosides_no_filter_combined_bboxes_batch_15_0.5_0.0_0.01 1240 0.834 3977 350 1235 3963
drone_17_glimpse 318 0.422 1586 740 3608 1590
drone_17_gt 4323 0.816 3582 0 1616 3582
drone_17_mpeg_0.5_26 1711 0.797 3557 181 1634 3564
drone_17_mpeg_0.5_28 1326 0.801 3584 170 1610 3588
drone_17_mpeg_0.5_30 1017 0.795 3574 224 1622 3576
drone_17_mpeg_0.5_36 437 0.769 3411 276 1779 3419
drone_17_mpeg_0.5_38 326 0.753 3305 278 1890 3308
drone_17_mpeg_0.5_40 248 0.738 3234 315 1976 3222
drone_17_mpeg_0.7_26 2104 0.81 3603 101 1586 3612
drone_17_mpeg_0.7_28 1613 0.809 3606 113 1586 3612
drone_17_mpeg_0.7_30 1242 0.807 3602 140 1586 3612
drone_17_mpeg_0.7_36 590 0.79 3518 193 1676 3522
drone_17_mpeg_0.7_38 462 0.786 3508 225 1685 3513
drone_17_mpeg_0.7_40 368 0.778 3460 241 1738 3460
drone_17_mpeg_0.8_26 2341 0.804 3638 208 1567 3631
drone_17_mpeg_0.8_28 1798 0.807 3652 206 1546 3652
drone_17_mpeg_0.8_30 1391 0.806 3665 220 1547 3651
drone_17_mpeg_0.8_36 684 0.801 3654 252 1559 3639
drone_17_mpeg_0.8_38 542 0.794 3622 279 1599 3599
drone_17_mpeg_0.8_40 436 0.787 3582 294 1642 3556
drone_17_vigil 1847 0.718 3138 405 2055 3143
drone_18_AWStream 3998 0.903 1071 3 227 1072
drone_18_dds_0.8_0.8_36_26_0.0_twosides_no_filter_combined_bboxes_batch_15_0.5_0.0_0.01 687 0.915 1131 42 168 1131
drone_18_glimpse 237 0.423 418 260 881 418
drone_18_gt 6217 0.906 1075 0 224 1075
drone_18_mpeg_0.5_26 1796 0.891 1057 17 242 1057
drone_18_mpeg_0.5_28 1315 0.882 1040 19 259 1040
drone_18_mpeg_0.5_30 942 0.889 1054 18 246 1053
drone_18_mpeg_0.5_36 328 0.868 1015 26 284 1015
drone_18_mpeg_0.5_38 231 0.85 971 16 327 972
drone_18_mpeg_0.5_40 168 0.856 987 18 313 986
drone_18_mpeg_0.7_26 2454 0.896 1059 7 239 1060
drone_18_mpeg_0.7_28 1770 0.903 1079 13 220 1079
drone_18_mpeg_0.7_30 1270 0.9 1074 12 226 1073
drone_18_mpeg_0.7_36 497 0.876 1035 29 264 1035
drone_18_mpeg_0.7_38 365 0.87 1021 25 279 1020
drone_18_mpeg_0.7_40 276 0.858 999 32 299 1000
drone_18_mpeg_0.8_26 2843 0.899 1076 18 223 1076
drone_18_mpeg_0.8_28 2053 0.894 1065 17 235 1064
drone_18_mpeg_0.8_30 1483 0.894 1071 26 228 1071
drone_18_mpeg_0.8_36 599 0.882 1045 26 254 1045
drone_18_mpeg_0.8_38 444 0.882 1049 30 250 1049
drone_18_mpeg_0.8_40 339 0.868 1016 26 283 1016
drone_18_vigil 2432 0.804 922 69 380 919
drone_19_AWStream 2906 0.811 4321 88 1925 4323
drone_19_dds_0.8_0.8_36_26_0.0_twosides_no_filter_combined_bboxes_batch_15_0.5_0.0_0.01 1243 0.812 4637 546 1605 4643
drone_19_glimpse 283 0.163 576 240 5672 576
drone_19_gt 4618 0.825 4388 0 1860 4388
drone_19_mpeg_0.5_26 1610 0.778 4173 307 2074 4174
drone_19_mpeg_0.5_28 1221 0.781 4209 329 2037 4211
drone_19_mpeg_0.5_30 914 0.768 4129 382 2118 4130
drone_19_mpeg_0.5_36 383 0.753 4040 449 2206 4042
drone_19_mpeg_0.5_38 286 0.73 3852 460 2393 3855
drone_19_mpeg_0.5_40 218 0.716 3750 482 2493 3755
drone_19_mpeg_0.7_26 2039 0.797 4263 190 1984 4264
drone_19_mpeg_0.7_28 1523 0.794 4258 227 1988 4260
drone_19_mpeg_0.7_30 1149 0.791 4276 291 1971 4277
drone_19_mpeg_0.7_36 547 0.783 4240 350 2006 4242
drone_19_mpeg_0.7_38 426 0.772 4197 429 2048 4200
drone_19_mpeg_0.7_40 338 0.758 4069 420 2175 4073
drone_19_mpeg_0.8_26 2280 0.786 4245 303 2003 4245
drone_19_mpeg_0.8_28 1716 0.783 4216 305 2029 4219
drone_19_mpeg_0.8_30 1306 0.781 4217 336 2029 4219
drone_19_mpeg_0.8_36 639 0.781 4253 396 1988 4260
drone_19_mpeg_0.8_38 502 0.775 4231 448 2009 4239
drone_19_mpeg_0.8_40 403 0.762 4124 444 2127 4121
drone_19_vigil 2455 0.764 4103 393 2145 4103
drone_20_AWStream 1259 0.823 635 1 273 635
drone_20_dds_0.8_0.8_36_26_0.0_twosides_no_filter_combined_bboxes_batch_15_0.5_0.0_0.01 284 0.827 657 24 250 658
drone_20_glimpse 84 0.123 77 263 831 77
drone_20_gt 1642 0.814 623 0 285 623
drone_20_mpeg_0.5_26 485 0.818 634 11 272 636
drone_20_mpeg_0.5_28 363 0.81 625 13 281 627
drone_20_mpeg_0.5_30 272 0.807 617 5 290 618
drone_20_mpeg_0.5_36 120 0.796 607 12 300 608
drone_20_mpeg_0.5_38 91 0.759 564 15 343 565
drone_20_mpeg_0.5_40 71 0.745 549 17 358 550
drone_20_mpeg_0.7_26 657 0.819 632 4 275 633
drone_20_mpeg_0.7_28 488 0.822 635 3 272 636
drone_20_mpeg_0.7_30 366 0.822 635 3 272 636
drone_20_mpeg_0.7_36 172 0.805 616 7 292 616
drone_20_mpeg_0.7_38 134 0.799 607 6 300 608
drone_20_mpeg_0.7_40 107 0.787 599 15 309 599
drone_20_mpeg_0.8_26 753 0.824 640 7 267 641
drone_20_mpeg_0.8_28 560 0.819 634 7 274 634
drone_20_mpeg_0.8_30 421 0.821 637 8 269 639
drone_20_mpeg_0.8_36 200 0.812 625 7 283 625
drone_20_mpeg_0.8_38 158 0.809 621 9 284 624
drone_20_mpeg_0.8_40 127 0.793 606 15 302 606
drone_20_vigil 1436 0.713 520 32 387 521
drone_21_AWStream 3612 0.773 4186 12 2448 4184
drone_21_dds_0.8_0.8_36_26_0.0_twosides_no_filter_combined_bboxes_batch_15_0.5_0.0_0.01 1071 0.79 4430 181 2181 4451
drone_21_glimpse 397 0.395 1759 529 4866 1766
drone_21_gt 5627 0.78 4240 0 2390 4242
drone_21_mpeg_0.5_26 1861 0.763 4114 41 2510 4122
drone_21_mpeg_0.5_28 1355 0.763 4119 54 2500 4132
drone_21_mpeg_0.5_30 979 0.76 4097 64 2517 4115
drone_21_mpeg_0.5_36 382 0.746 4008 118 2607 4025
drone_21_mpeg_0.5_38 277 0.733 3901 121 2725 3907
drone_21_mpeg_0.5_40 207 0.722 3823 142 2803 3829
drone_21_mpeg_0.7_26 2318 0.77 4156 16 2468 4164
drone_21_mpeg_0.7_28 1701 0.768 4152 40 2469 4163
drone_21_mpeg_0.7_30 1261 0.763 4111 39 2510 4122
drone_21_mpeg_0.7_36 561 0.756 4068 66 2560 4072
drone_21_mpeg_0.7_38 425 0.757 4096 104 2531 4101
drone_21_mpeg_0.7_40 330 0.746 4014 119 2608 4024
drone_21_mpeg_0.8_26 2674 0.765 4139 64 2484 4148
drone_21_mpeg_0.8_28 1974 0.768 4177 83 2445 4187
drone_21_mpeg_0.8_30 1470 0.767 4162 70 2462 4170
drone_21_mpeg_0.8_36 671 0.762 4143 104 2477 4155
drone_21_mpeg_0.8_38 514 0.753 4068 117 2547 4085
drone_21_mpeg_0.8_40 404 0.752 4068 132 2549 4083
drone_21_vigil 3341 0.734 3954 202 2662 3970
drone_22_AWStream 3936 0.774 3619 59 2054 3619
drone_22_dds_0.8_0.8_36_26_0.0_twosides_no_filter_combined_bboxes_batch_15_0.5_0.0_0.01 1264 0.746 3547 300 2116 3557
drone_22_glimpse 737 0.1 310 205 5363 310
drone_22_gt 6455 0.795 3741 0 1930 3743
drone_22_mpeg_0.5_26 2047 0.694 3182 315 2491 3182
drone_22_mpeg_0.5_28 1609 0.681 3095 334 2571 3102
drone_22_mpeg_0.5_30 1234 0.673 3039 321 2628 3045
drone_22_mpeg_0.5_36 462 0.584 2475 329 3195 2478
drone_22_mpeg_0.5_38 313 0.544 2252 360 3418 2255
drone_22_mpeg_0.5_40 217 0.479 1870 267 3801 1872
drone_22_mpeg_0.7_26 2978 0.723 3281 125 2384 3289
drone_22_mpeg_0.7_28 2283 0.7 3129 150 2538 3135
drone_22_mpeg_0.7_30 1718 0.696 3115 173 2551 3122
drone_22_mpeg_0.7_36 662 0.634 2722 198 2951 2722
drone_22_mpeg_0.7_38 468 0.598 2506 211 3163 2510
drone_22_mpeg_0.7_40 338 0.57 2354 233 3314 2359
drone_22_mpeg_0.8_26 3482 0.752 3469 88 2194 3479
drone_22_mpeg_0.8_28 2655 0.742 3406 112 2255 3418
drone_22_mpeg_0.8_30 1994 0.73 3327 126 2338 3335
drone_22_mpeg_0.8_36 787 0.683 3025 164 2642 3031
drone_22_mpeg_0.8_38 566 0.635 2731 199 2937 2736
drone_22_mpeg_0.8_40 415 0.597 2495 198 3168 2505
drone_22_vigil 2082 0.697 3268 452 2391 3282
drone_23_AWStream 1399 0.74 3621 61 2481 3640
drone_23_dds_0.8_0.8_36_26_0.0_twosides_no_filter_combined_bboxes_batch_15_0.5_0.0_0.01 489 0.713 3537 307 2534 3587
drone_23_glimpse 358 0.086 280 80 5841 280
drone_23_gt 2436 0.756 3715 0 2401 3720
drone_23_mpeg_0.5_26 859 0.677 3233 241 2843 3278
drone_23_mpeg_0.5_28 664 0.663 3137 257 2938 3183
drone_23_mpeg_0.5_30 501 0.646 3033 279 3043 3078
drone_23_mpeg_0.5_36 191 0.563 2516 327 3573 2548
drone_23_mpeg_0.5_38 135 0.499 2100 241 3984 2137
drone_23_mpeg_0.5_40 97 0.407 1631 283 4463 1658
drone_23_mpeg_0.7_26 1122 0.683 3210 118 2857 3264
drone_23_mpeg_0.7_28 838 0.665 3097 127 2990 3131
drone_23_mpeg_0.7_30 617 0.673 3165 154 2917 3204
drone_23_mpeg_0.7_36 248 0.622 2852 238 3224 2897
drone_23_mpeg_0.7_38 183 0.596 2697 261 3393 2728
drone_23_mpeg_0.7_40 139 0.531 2306 277 3794 2327
drone_23_mpeg_0.8_26 1272 0.718 3467 103 2625 3496
drone_23_mpeg_0.8_28 945 0.708 3400 115 2688 3433
drone_23_mpeg_0.8_30 698 0.698 3340 138 2748 3373
drone_23_mpeg_0.8_36 290 0.65 3047 224 3055 3066
drone_23_mpeg_0.8_38 218 0.617 2837 268 3257 2864
drone_23_mpeg_0.8_40 168 0.564 2490 252 3605 2516
drone_23_vigil 904 0.699 3452 351 2625 3496
drone_24_AWStream 4223 0.757 6912 100 4345 6930
drone_24_dds_0.8_0.8_36_26_0.0_twosides_no_filter_combined_bboxes_batch_15_0.5_0.0_0.01 1295 0.75 7124 633 4109 7166
drone_24_glimpse 763 0.112 694 460 10572 703
drone_24_gt 6913 0.776 7140 0 4133 7142
drone_24_mpeg_0.5_26 2251 0.696 6236 427 5028 6247
drone_24_mpeg_0.5_28 1758 0.681 6047 460 5208 6067
drone_24_mpeg_0.5_30 1337 0.67 5902 453 5351 5924
drone_24_mpeg_0.5_36 500 0.594 4927 416 6328 4947
drone_24_mpeg_0.5_38 349 0.536 4267 404 6981 4294
drone_24_mpeg_0.5_40 249 0.472 3591 370 7665 3610
drone_24_mpeg_0.7_26 3202 0.717 6426 263 4803 6472
drone_24_mpeg_0.7_28 2432 0.711 6363 295 4876 6399
drone_24_mpeg_0.7_30 1810 0.706 6297 301 4942 6333
drone_24_mpeg_0.7_36 699 0.659 5713 380 5534 5741
drone_24_mpeg_0.7_38 505 0.617 5187 379 6060 5215
drone_24_mpeg_0.7_40 374 0.586 4818 385 6432 4843
drone_24_mpeg_0.8_26 3781 0.749 6858 215 4388 6887
drone_24_mpeg_0.8_28 2850 0.747 6850 240 4395 6880
drone_24_mpeg_0.8_30 2110 0.734 6692 284 4559 6716
drone_24_mpeg_0.8_36 822 0.695 6212 404 5040 6235
drone_24_mpeg_0.8_38 599 0.666 5816 414 5432 5843
drone_24_mpeg_0.8_40 449 0.618 5220 410 6030 5245
drone_24_vigil 2150 0.662 5904 678 5341 5934
drone_29_AWStream 5194 0.935 1199 7 160 1197
drone_29_dds_0.8_0.8_36_26_0.0_twosides_no_filter_combined_bboxes_batch_15_0.5_0.0_0.01 1168 0.941 1221 20 134 1223
drone_29_glimpse 321 0.651 665 25 688 669
drone_29_gt 8588 0.933 1187 0 170 1187
drone_29_mpeg_0.5_26 2695 0.93 1191 12 167 1190
drone_29_mpeg_0.5_28 1941 0.935 1203 10 156 1201
drone_29_mpeg_0.5_30 1379 0.933 1200 14 158 1199
drone_29_mpeg_0.5_36 509 0.915 1155 13 202 1155
drone_29_mpeg_0.5_38 366 0.899 1116 11 239 1118
drone_29_mpeg_0.5_40 270 0.872 1052 6 303 1054
drone_29_mpeg_0.7_26 3391 0.923 1170 10 186 1171
drone_29_mpeg_0.7_28 2443 0.93 1189 8 170 1187
drone_29_mpeg_0.7_30 1773 0.926 1176 8 181 1176
drone_29_mpeg_0.7_36 748 0.922 1168 10 188 1169
drone_29_mpeg_0.7_38 559 0.916 1157 12 199 1158
drone_29_mpeg_0.7_40 430 0.904 1128 11 229 1128
drone_29_mpeg_0.8_26 3915 0.928 1182 10 174 1183
drone_29_mpeg_0.8_28 2837 0.923 1171 9 187 1170
drone_29_mpeg_0.8_30 2074 0.93 1190 10 168 1189
drone_29_mpeg_0.8_36 902 0.915 1152 12 203 1154
drone_29_mpeg_0.8_38 683 0.917 1160 16 195 1162
drone_29_mpeg_0.8_40 531 0.921 1168 10 189 1168
drone_29_vigil 4263 0.869 1089 60 267 1090
drone_30_AWStream 1127 0.951 215 0 22 215
drone_30_dds_0.8_0.8_36_26_0.0_twosides_no_filter_combined_bboxes_batch_15_0.5_0.0_0.01 250 0.947 214 1 23 214
drone_30_glimpse 61 0.163 21 0 216 21
drone_30_gt 1838 0.954 216 0 21 216
drone_30_mpeg_0.5_26 584 0.938 210 1 27 210
drone_30_mpeg_0.5_28 423 0.923 203 0 34 203
drone_30_mpeg_0.5_30 302 0.93 207 1 30 207
drone_30_mpeg_0.5_36 111 0.908 198 1 39 198
drone_30_mpeg_0.5_38 79 0.859 180 2 57 180
drone_30_mpeg_0.5_40 58 0.858 178 0 59 178
drone_30_mpeg_0.7_26 739 0.954 216 0 21 216
drone_30_mpeg_0.7_28 535 0.944 212 0 25 212
drone_30_mpeg_0.7_30 389 0.942 212 1 25 212
drone_30_mpeg_0.7_36 162 0.921 203 1 34 203
drone_30_mpeg_0.7_38 121 0.9 194 0 43 194
drone_30_mpeg_0.7_40 93 0.885 189 1 48 189
drone_30_mpeg_0.8_26 854 0.935 208 0 29 208
drone_30_mpeg_0.8_28 621 0.935 208 0 29 208
drone_30_mpeg_0.8_30 455 0.942 211 0 26 211
drone_30_mpeg_0.8_36 196 0.921 203 1 34 203
drone_30_mpeg_0.8_38 148 0.911 200 2 37 200
drone_30_mpeg_0.8_40 114 0.915 200 0 37 200
drone_30_vigil 934 0.918 208 8 29 208
