trafficcam_1_AWStream 929 0.902 2605 11 554 2606
trafficcam_1_dds_0.8_0.8_36_26_0.0_twosides_no_filter_combined_bboxes_batch_15_0.5_0.0_0.0025 298 0.895 2582 33 575 2585
trafficcam_1_glimpse 85 0.274 642 886 2516 644
trafficcam_1_gt 1700 0.907 2623 0 536 2624
trafficcam_1_mpeg_0.5_26 439 0.875 2468 17 688 2472
trafficcam_1_mpeg_0.5_28 342 0.87 2447 20 714 2446
trafficcam_1_mpeg_0.5_30 267 0.863 2415 28 741 2419
trafficcam_1_mpeg_0.5_36 128 0.831 2272 38 889 2271
trafficcam_1_mpeg_0.5_38 99 0.816 2197 26 962 2198
trafficcam_1_mpeg_0.5_40 76 0.788 2080 36 1080 2080
trafficcam_1_mpeg_0.7_26 678 0.897 2581 20 575 2585
trafficcam_1_mpeg_0.7_28 520 0.895 2575 26 581 2579
trafficcam_1_mpeg_0.7_30 400 0.889 2546 27 611 2549
trafficcam_1_mpeg_0.7_36 192 0.869 2446 25 710 2450
trafficcam_1_mpeg_0.7_38 149 0.862 2431 47 730 2430
trafficcam_1_mpeg_0.7_40 116 0.84 2319 42 842 2318
trafficcam_1_mpeg_0.8_26 865 0.904 2611 10 546 2614
trafficcam_1_mpeg_0.8_28 654 0.899 2589 11 569 2591
trafficcam_1_mpeg_0.8_30 499 0.895 2573 17 584 2576
trafficcam_1_mpeg_0.8_36 237 0.875 2474 23 684 2476
trafficcam_1_mpeg_0.8_38 183 0.866 2431 20 731 2429
trafficcam_1_mpeg_0.8_40 143 0.841 2318 34 844 2316
trafficcam_1_vigil 739 0.429 998 499 2162 998
trafficcam_2_AWStream 84 0.802 691 2 339 691
trafficcam_2_dds_0.8_0.8_36_26_0.0_twosides_no_filter_combined_bboxes_batch_15_0.5_0.0_0.0025 37 0.812 710 17 312 718
trafficcam_2_gt 122 0.818 712 0 317 713
trafficcam_2_mpeg_0.5_26 40 0.761 634 4 394 636
trafficcam_2_mpeg_0.5_28 33 0.766 640 3 387 643
trafficcam_2_mpeg_0.5_30 27 0.755 623 5 400 630
trafficcam_2_mpeg_0.5_36 15 0.713 570 3 455 575
trafficcam_2_mpeg_0.5_38 12 0.697 550 3 476 554
trafficcam_2_mpeg_0.5_40 9 0.637 483 7 544 486
trafficcam_2_mpeg_0.7_26 58 0.777 663 14 367 663
trafficcam_2_mpeg_0.7_28 47 0.782 665 9 362 668
trafficcam_2_mpeg_0.7_30 38 0.772 654 12 375 655
trafficcam_2_mpeg_0.7_36 21 0.742 610 7 418 612
trafficcam_2_mpeg_0.7_38 16 0.737 605 13 419 611
trafficcam_2_mpeg_0.7_40 13 0.714 577 6 456 574
trafficcam_2_mpeg_0.8_26 70 0.817 711 6 313 717
trafficcam_2_mpeg_0.8_28 56 0.822 720 4 308 722
trafficcam_2_mpeg_0.8_30 45 0.81 705 8 322 708
trafficcam_2_mpeg_0.8_36 24 0.786 663 2 358 672
trafficcam_2_mpeg_0.8_38 19 0.768 647 8 382 648
trafficcam_2_mpeg_0.8_40 16 0.739 608 10 420 610
trafficcam_3_AWStream 1467 0.841 7744 48 2888 7773
trafficcam_3_dds_0.8_0.8_36_26_0.0_twosides_no_filter_combined_bboxes_batch_15_0.5_0.0_0.0025 587 0.87 8312 172 2303 8358
trafficcam_3_glimpse 87 0.274 1837 924 8790 1871
trafficcam_3_gt 2333 0.852 7914 0 2747 7914
trafficcam_3_mpeg_0.5_26 668 0.774 6752 83 3869 6792
trafficcam_3_mpeg_0.5_28 538 0.766 6655 83 3974 6687
trafficcam_3_mpeg_0.5_30 437 0.768 6685 89 3945 6716
trafficcam_3_mpeg_0.5_36 231 0.717 5992 109 4630 6031
trafficcam_3_mpeg_0.5_38 182 0.695 5724 120 4913 5748
trafficcam_3_mpeg_0.5_40 144 0.657 5243 93 5386 5275
trafficcam_3_mpeg_0.7_26 1025 0.799 7138 95 3486 7175
trafficcam_3_mpeg_0.7_28 814 0.797 7091 96 3527 7134
trafficcam_3_mpeg_0.7_30 646 0.789 6991 95 3639 7022
trafficcam_3_mpeg_0.7_36 328 0.77 6738 122 3894 6767
trafficcam_3_mpeg_0.7_38 257 0.753 6505 128 4136 6525
trafficcam_3_mpeg_0.7_40 205 0.732 6251 185 4403 6258
trafficcam_3_mpeg_0.8_26 1324 0.868 8187 64 2425 8236
trafficcam_3_mpeg_0.8_28 1044 0.864 8140 84 2486 8175
trafficcam_3_mpeg_0.8_30 821 0.856 8011 80 2611 8050
trafficcam_3_mpeg_0.8_36 411 0.837 7744 125 2886 7775
trafficcam_3_mpeg_0.8_38 323 0.824 7521 128 3095 7566
trafficcam_3_mpeg_0.8_40 256 0.804 7262 176 3370 7291
trafficcam_3_vigil 1226 0.615 5110 873 5523 5138
trafficcam_4_AWStream 1600 0.725 5502 130 4053 5528
trafficcam_4_dds_0.8_0.8_36_26_0.0_twosides_no_filter_combined_bboxes_batch_15_0.5_0.0_0.0025 535 0.73 5729 447 3791 5790
trafficcam_4_glimpse 79 0.055 308 1274 9273 308
trafficcam_4_gt 2644 0.743 5665 0 3916 5665
trafficcam_4_mpeg_0.5_26 727 0.607 4228 189 5284 4297
trafficcam_4_mpeg_0.5_28 542 0.604 4211 221 5299 4282
trafficcam_4_mpeg_0.5_30 407 0.593 4111 270 5384 4197
trafficcam_4_mpeg_0.5_36 192 0.517 3441 305 6114 3467
trafficcam_4_mpeg_0.5_38 149 0.495 3250 318 6314 3267
trafficcam_4_mpeg_0.5_40 118 0.458 2893 179 6676 2905
trafficcam_4_mpeg_0.7_26 1148 0.623 4410 230 5109 4472
trafficcam_4_mpeg_0.7_28 852 0.628 4456 227 5052 4529
trafficcam_4_mpeg_0.7_30 631 0.621 4399 257 5115 4466
trafficcam_4_mpeg_0.7_36 282 0.584 4017 198 5522 4059
trafficcam_4_mpeg_0.7_38 219 0.58 3993 242 5548 4033
trafficcam_4_mpeg_0.7_40 173 0.56 3786 244 5717 3864
trafficcam_4_mpeg_0.8_26 1486 0.726 5509 120 4030 5551
trafficcam_4_mpeg_0.8_28 1098 0.729 5571 175 3971 5610
trafficcam_4_mpeg_0.8_30 806 0.72 5475 195 4067 5514
trafficcam_4_mpeg_0.8_36 349 0.677 5049 318 4506 5075
trafficcam_4_mpeg_0.8_38 269 0.635 4575 308 4953 4628
trafficcam_4_mpeg_0.8_40 212 0.603 4221 250 5313 4268
trafficcam_4_vigil 1052 0.481 3309 913 6221 3360
trafficcam_5_AWStream 256 0.887 1157 7 289 1156
trafficcam_5_dds_0.8_0.8_36_26_0.0_twosides_no_filter_combined_bboxes_batch_15_0.5_0.0_0.0025 118 0.882 1154 19 291 1154
trafficcam_5_glimpse 55 0.212 212 344 1231 214
trafficcam_5_gt 483 0.893 1166 0 279 1166
trafficcam_5_mpeg_0.5_26 165 0.868 1114 8 332 1113
trafficcam_5_mpeg_0.5_28 133 0.857 1089 10 354 1091
trafficcam_5_mpeg_0.5_30 106 0.855 1084 11 357 1088
trafficcam_5_mpeg_0.5_36 51 0.806 984 14 460 985
trafficcam_5_mpeg_0.5_38 39 0.785 943 15 502 943
trafficcam_5_mpeg_0.5_40 30 0.76 895 19 545 900
trafficcam_5_mpeg_0.7_26 234 0.862 1109 20 335 1110
trafficcam_5_mpeg_0.7_28 186 0.865 1111 15 333 1112
trafficcam_5_mpeg_0.7_30 148 0.869 1121 16 323 1122
trafficcam_5_mpeg_0.7_36 73 0.847 1074 21 368 1077
trafficcam_5_mpeg_0.7_38 57 0.826 1025 18 415 1030
trafficcam_5_mpeg_0.7_40 45 0.82 1018 23 425 1020
trafficcam_5_mpeg_0.8_26 288 0.89 1163 5 282 1163
trafficcam_5_mpeg_0.8_28 229 0.885 1145 4 295 1150
trafficcam_5_mpeg_0.8_30 182 0.874 1130 15 312 1133
trafficcam_5_mpeg_0.8_36 90 0.85 1079 16 366 1079
trafficcam_5_mpeg_0.8_38 70 0.839 1059 23 383 1062
trafficcam_5_mpeg_0.8_40 55 0.824 1023 16 420 1025
trafficcam_5_vigil 149 0.341 338 200 1104 341
trafficcam_6_AWStream 2426 0.867 5364 39 1604 5379
trafficcam_6_dds_0.8_0.8_36_26_0.0_twosides_no_filter_combined_bboxes_batch_15_0.5_0.0_0.0025 942 0.871 5460 110 1510 5473
trafficcam_6_glimpse 263 0.432 2171 948 4771 2212
trafficcam_6_gt 4274 0.878 5460 0 1522 5461
trafficcam_6_mpeg_0.5_26 1298 0.83 5015 74 1978 5005
trafficcam_6_mpeg_0.5_28 1045 0.827 4986 69 2010 4973
trafficcam_6_mpeg_0.5_30 827 0.819 4898 71 2091 4892
trafficcam_6_mpeg_0.5_36 377 0.771 4429 78 2554 4429
trafficcam_6_mpeg_0.5_38 282 0.744 4185 83 2800 4183
trafficcam_6_mpeg_0.5_40 213 0.694 3761 97 3226 3757
trafficcam_6_mpeg_0.7_26 1987 0.846 5179 86 1802 5181
trafficcam_6_mpeg_0.7_28 1574 0.843 5146 82 1829 5154
trafficcam_6_mpeg_0.7_30 1225 0.838 5089 74 1890 5093
trafficcam_6_mpeg_0.7_36 547 0.805 4769 98 2215 4768
trafficcam_6_mpeg_0.7_38 412 0.795 4677 98 2314 4669
trafficcam_6_mpeg_0.7_40 315 0.777 4510 102 2491 4492
trafficcam_6_mpeg_0.8_26 2588 0.875 5448 49 1513 5470
trafficcam_6_mpeg_0.8_28 2050 0.87 5412 51 1568 5415
trafficcam_6_mpeg_0.8_30 1593 0.865 5355 57 1615 5368
trafficcam_6_mpeg_0.8_36 704 0.841 5121 83 1852 5131
trafficcam_6_mpeg_0.8_38 529 0.828 4995 92 1979 5004
trafficcam_6_mpeg_0.8_40 403 0.808 4809 113 2178 4805
trafficcam_6_vigil 1562 0.631 3403 402 3571 3412
trafficcam_7_AWStream 259 0.91 1241 3 243 1244
trafficcam_7_dds_0.8_0.8_36_26_0.0_twosides_no_filter_combined_bboxes_batch_15_0.5_0.0_0.0025 102 0.906 1251 23 236 1251
trafficcam_7_glimpse 28 0.355 399 378 1070 417
trafficcam_7_gt 464 0.913 1249 0 238 1249
trafficcam_7_mpeg_0.5_26 155 0.888 1196 13 288 1199
trafficcam_7_mpeg_0.5_28 123 0.88 1178 9 311 1176
trafficcam_7_mpeg_0.5_30 97 0.881 1182 14 305 1182
trafficcam_7_mpeg_0.5_36 44 0.864 1138 19 340 1147
trafficcam_7_mpeg_0.5_38 34 0.832 1064 21 410 1077
trafficcam_7_mpeg_0.5_40 26 0.807 1014 24 462 1025
trafficcam_7_mpeg_0.7_26 224 0.908 1244 10 241 1246
trafficcam_7_mpeg_0.7_28 176 0.905 1236 13 247 1240
trafficcam_7_mpeg_0.7_30 137 0.903 1235 15 251 1236
trafficcam_7_mpeg_0.7_36 64 0.893 1211 19 272 1215
trafficcam_7_mpeg_0.7_38 49 0.876 1167 16 313 1174
trafficcam_7_mpeg_0.7_40 39 0.86 1144 30 344 1143
trafficcam_7_mpeg_0.8_26 274 0.916 1260 5 226 1261
trafficcam_7_mpeg_0.8_28 214 0.907 1241 7 249 1238
trafficcam_7_mpeg_0.8_30 167 0.905 1237 7 253 1234
trafficcam_7_mpeg_0.8_36 78 0.879 1182 21 305 1182
trafficcam_7_mpeg_0.8_38 61 0.876 1173 18 313 1174
trafficcam_7_mpeg_0.8_40 48 0.861 1139 25 342 1145
trafficcam_7_vigil 149 0.538 602 145 890 597
